75768774473	6256943538	0	38673316	1	2	6	0.009369	0.01244	0.00003052	0
75768774476	6256943605	0		0	0	6	0.006248	0.001972	0.00003052	0
75768774477	6256943605	1		0	0	6	0.006248	0.001972	0.00003052	0
75768774478	6256943829	0		0	2	0	0.006248	0.01244	0.00003815	0
75768774488	6256941954	0	6567587	1	1	4	0.03125	0.004478	0.000001907	0
75768774502	515042969	6	4820234896	1	2	0	0.01562	0.01553	0.0002155	0
75768774510	6256830227	1367	4043037719	1	0	0	0.02249	0.0575	0.0004635	0
75768774522	6256943978	0	711217	1	1	0	0.006248	0.01553	0.00003815	0
75768806158	5495695565	0		0	0	0	0.05627	0.007767	0.0003862	0
75768806160	5495695565	2		0	0	0	0.05627	0.007767	0.0003862	0
75768811807	6183750753	63	1271190	2	1	0	0.125	0.03339	0.00001907	0
75768811814	6183750753	63		0	1	0	0.125	0.03339	0.00001907	0
75768811816	6256941635	12	1271190	1	0	4	0.1775	0.03107	0.00005627	0
75769651843	6256943605	0	38673316	1	0	6	0.006248	0.001972	0.00003052	0
75769651857	6256943605	1	418559	1	0	6	0.006248	0.001972	0.00003052	0
75769651865	6255708300	924	8055128	1	0	1	0.0625	0.0318	0.0002699	0
75769651874	6221861800	8036	5168862796	1	0	0	0.0125	0.0159	0.0004044	0
75769651893	6255532702	434	3938932309	1	0	0	0.06873	0.01193	0.0001154	0
75769651935	6256830227	1368	333938877	1	0	0	0.02249	0.0575	0.0004635	0
75769651978	6256830227	1369	4043130100	1	0	0	0.02249	0.0575	0.0004635	0
75769651993	6256943829	0	4100274288	1	2	0	0.006248	0.01244	0.00003815	0
75769706555	6256606278	343	257335555	4	0	0	0.009369	0.01663	0.0006943	0
75769706778	6183750753	14	1270372	2	1	0	0.125	0.03339	0.00001907	0
75769706785	6183750753	14		0	1	0	0.125	0.03339	0.00001907	0
75769706786	6249834537	441	1270372	2	0	0	0.05627	0.0202	0.00007725	0
75769706797	6249834537	441		0	0	0	0.05627	0.0202	0.00007725	0
75769706799	6256941635	5	1270372	1	0	4	0.1775	0.03107	0.00005627	0
75769706983	515042969	13		5	2	0	0.01562	0.01553	0.0002155	0
75769706986	515042969	13		0	2	0	0.01562	0.01553	0.0002155	0
75769707097	6256880649	50	1275448	4	1	4	0.09998	0.02069	0.00003815	1
75770498234	5495695565	0	854208739	1	0	0	0.05627	0.007767	0.0003862	0
75770498252	5495695565	2	1338899	1	0	0	0.05627	0.007767	0.0003862	0
75770523127	6256934523	0	766857119	4	0	6	0.009369	0.002735	0.00003052	0
75770523221	6255735278	4188	351662225	2	0	4	0.0625	0.1228	0.001158	0
75770523229	6255735278	4188		0	0	4	0.0625	0.1228	0.001158	0
75770523240	6183750753	11	4802905544	2	1	0	0.125	0.03339	0.00001907	0
75770523247	6183750753	11		0	1	0	0.125	0.03339	0.00001907	0
75770523248	6238340468	68	4802905544	2	1	0	0.0625	0.03961	0.00003815	0
75770523256	6238340468	68		0	1	0	0.0625	0.03961	0.00003815	0
75770523264	6256941635	9	4802905544	1	0	4	0.1775	0.03107	0.00005627	0
75770523364	6256861974	20	17504087	4	0	0	0.0125	0.01636	0.001131	0
75770523385	6256941633	0	904514	4	0	9	0	0.0001554	0	0
75770523493	4374347510	1	1271876	2	0	0	0.0625	0.0159	0.00003815	0
75770523500	4374347510	1		0	0	0	0.0625	0.0159	0.00003815	0
75770523501	6183750753	26	1271876	2	1	0	0.125	0.03339	0.00001907	0
75770523508	6183750753	26		0	1	0	0.125	0.03339	0.00001907	0
75770523510	6256941635	19	1271876	1	0	4	0.1775	0.03107	0.00005627	0
75770523580	6238340468	1307	797771669	2	1	0	0.0625	0.03961	0.00003815	0
75770523588	6238340468	1307		0	1	0	0.0625	0.03961	0.00003815	0
75770523589	6238340468	1572	797771669	2	1	0	0.0625	0.03961	0.00003815	0
75770523597	6238340468	1572		0	1	0	0.0625	0.03961	0.00003815	0
75770523598	6238340468	2057	797771669	2	1	0	0.0625	0.03961	0.00003815	0
75770523606	6238340468	2057		0	1	0	0.0625	0.03961	0.00003815	0
75770523608	6256941635	16	797771669	1	0	4	0.1775	0.03107	0.00005627	0
75770523633	6256219415	11	903245	4	0	0	0.0125	0.01247	0.001131	0
75770523800	515042969	3		5	2	0	0.01562	0.01553	0.0002155	0
75770523803	515042969	3		0	2	0	0.01562	0.01553	0.0002155	0
75770523838	6256933464	0	3583149260	4	2	1	0.009369	0.0159	0.00001144	0
75770523844	6256933688	0	3583149260	4	0	0	0.007256	0.01143	0.000009537	0
75770523864	6256933688	1	336074027	5	0	0	0.007256	0.01143	0.000009537	0
75770523874	6256933788	5	1149939272	5	0	0	0.009369	0.01111	0.000009537	0
75770523884	6256933788	6	2851863	5	0	0	0.009369	0.01111	0.000009537	0
75770523894	6256933788	8	1436491838	5	0	0	0.009369	0.01111	0.000009537	0
75770523904	6256933788	9	793168500	5	0	0	0.009369	0.01111	0.000009537	0
75770523914	6256933788	21	1436387371	5	0	0	0.009369	0.01111	0.000009537	0
75770523924	6256933788	25	682460	5	0	0	0.009369	0.01111	0.000009537	0
75770523934	6256934212	0	708500956	5	2	0	0.006248	0.0159	0.00003815	0
75770524429	6255532702	655	4802885186	2	0	0	0.06873	0.01193	0.0001154	0
75770524438	6255532702	655		0	0	0	0.06873	0.01193	0.0001154	0
75770524439	6238340468	2583	4802885186	2	1	0	0.0625	0.03961	0.00003815	0
75770524447	6238340468	2583		0	1	0	0.0625	0.03961	0.00003815	0
75770524449	6256941635	15	4802885186	1	0	4	0.1775	0.03107	0.00005627	0
75771360581	515042969	10	1269058	1	2	0	0.01562	0.01553	0.0002155	0
75771360590	6249834537	441	4802885186	1	0	0	0.05627	0.0202	0.00007725	0
75771398109	6256932523	8	4477658298	4	0	0	0.009369	0.006851	0.0007534	0
75771398115	6256932238	41	4477658298	4	0	0	0.0125	0.006729	0.0007534	0
75771398174	6256606278	599	317304510	4	0	0	0.009369	0.01663	0.0006943	0
75771398273	515042969	19		5	2	0	0.01562	0.01553	0.0002155	0
75771398276	515042969	19		0	2	0	0.01562	0.01553	0.0002155	0
75772197416	515042969	3	4820136827	1	2	0	0.01562	0.01553	0.0002155	0
75772197424	4374347510	1	99076668	1	0	0	0.0625	0.0159	0.00003815	0
75772197433	6238340468	68	2607333718	1	1	0	0.0625	0.03961	0.00003815	0
75772197452	6255532702	655	976809	1	0	0	0.06873	0.01193	0.0001154	0
75772244881	6183750753	37	7	2	1	0	0.125	0.03339	0.00001907	0
75772244888	6183750753	37		0	1	0	0.125	0.03339	0.00001907	0
75772244890	6256941635	4	7	1	0	4	0.1775	0.03107	0.00005627	0
75772245221	6256606278	281	3202745362	4	0	0	0.009369	0.01663	0.0006943	0
75772245323	515042969	8		5	2	0	0.01562	0.01553	0.0002155	0
75772245326	515042969	8		0	2	0	0.01562	0.01553	0.0002155	0
75772245613	6221861800	11157	2054997619	2	0	0	0.0125	0.0159	0.0004044	0
75772245620	6221861800	11157		0	0	0	0.0125	0.0159	0.0004044	0
75772245621	6255532702	922	2054997619	2	0	0	0.06873	0.01193	0.0001154	0
75772245630	6255532702	922		0	0	0	0.06873	0.01193	0.0001154	0
75772245631	6221861800	19734	2054997619	2	0	0	0.0125	0.0159	0.0004044	0
75772245638	6221861800	19734		0	0	0	0.0125	0.0159	0.0004044	0
75772245639	6255532702	215	2054997619	2	0	0	0.06873	0.01193	0.0001154	0
75772245648	6255532702	215		0	0	0	0.06873	0.01193	0.0001154	0
75772245649	6221861800	4987	2054997619	2	0	0	0.0125	0.0159	0.0004044	0
75772245656	6221861800	4987		0	0	0	0.0125	0.0159	0.0004044	0
75772245658	6256941635	26	2054997619	1	0	4	0.1775	0.03107	0.00005627	0
75772245964	5495696456	0	317808376	3	0	0	0.006248	0.003109	0.00003815	0
75772245975	5495696456	0		0	0	0	0.006248	0.003109	0.00003815	0
75773094308	515042969	13	431053017	1	2	0	0.01562	0.01553	0.0002155	0
75773123660	6256861974	32	1343240	4	0	0	0.0125	0.01636	0.001131	0
75773969871	515042969	8	2850451	1	2	0	0.01562	0.01553	0.0002155	0
75773969887	5495696456	0	4357859458	1	0	0	0.006248	0.003109	0.00003815	0
75773969895	6221861800	4987	717255	1	0	0	0.0125	0.0159	0.0004044	0
75773969904	6221861800	11157	765604	1	0	0	0.0125	0.0159	0.0004044	0
75773969913	6221861800	19734	38646839	1	0	0	0.0125	0.0159	0.0004044	0
75773969925	6255532702	215	976809	1	0	0	0.06873	0.01193	0.0001154	0
75773969936	6255532702	922	681481977	1	0	0	0.06873	0.01193	0.0001154	0
75773969950	6256830227	1370	317808376	1	0	0	0.02249	0.0575	0.0004635	0
75774009799	6249834537	772	1426644522	2	0	0	0.05627	0.0202	0.00007725	0
75774009810	6249834537	772		0	0	0	0.05627	0.0202	0.00007725	0
75774009811	6219557576	178	1426644522	2	0	0	0.03125	0.006836	0.00001907	0
75774009818	6219557576	178		0	0	0	0.03125	0.006836	0.00001907	0
75774009820	6256941635	27	1426644522	1	0	4	0.1775	0.03107	0.00005627	0
75774010124	515042969	0		5	2	0	0.01562	0.01553	0.0002155	0
75774010127	515042969	0		0	2	0	0.01562	0.01553	0.0002155	0
75774010229	515042969	2		5	2	0	0.01562	0.01553	0.0002155	0
75774010232	515042969	2		0	2	0	0.01562	0.01553	0.0002155	0
75774010711	6238340468	218	4802484114	2	1	0	0.0625	0.03961	0.00003815	0
75774010719	6238340468	218		0	1	0	0.0625	0.03961	0.00003815	0
75774010720	6238340468	1833	4802484114	2	1	0	0.0625	0.03961	0.00003815	0
75774010728	6238340468	1833		0	1	0	0.0625	0.03961	0.00003815	0
75774010730	6256941635	28	4802484114	1	0	4	0.1775	0.03107	0.00005627	0
75774743171	6256828882	10	4802484114	1	0	0	0.02563	0.0575	0.0004635	0
75774883480	6255532702	666	305387623	2	0	0	0.06873	0.01193	0.0001154	0
75774883489	6255532702	666		0	0	0	0.06873	0.01193	0.0001154	0
75774883490	5495695565	1	305387623	2	0	0	0.05627	0.007767	0.0003862	0
75774883497	5495695565	1		0	0	0	0.05627	0.007767	0.0003862	0
75774883498	6255532702	956	305387623	2	0	0	0.06873	0.01193	0.0001154	0
75774883507	6255532702	956		0	0	0	0.06873	0.01193	0.0001154	0
75774883509	6256941635	2	305387623	1	0	4	0.1775	0.03107	0.00005627	0
75774884157	6255532702	274	5069302039	2	0	0	0.06873	0.01193	0.0001154	0
75774884166	6255532702	274		0	0	0	0.06873	0.01193	0.0001154	0
75774884168	6256941635	0	5069302039	1	0	4	0.1775	0.03107	0.00005627	0
75774884328	6238340468	1765	3829186	2	1	0	0.0625	0.03961	0.00003815	0
75774884336	6238340468	1765		0	1	0	0.0625	0.03961	0.00003815	0
75774884337	6249834537	45	3829186	2	0	0	0.05627	0.0202	0.00007725	0
75774884348	6249834537	45		0	0	0	0.05627	0.0202	0.00007725	0
75774884350	6256941635	10	3829186	1	0	4	0.1775	0.03107	0.00005627	0
75775729634	515042969	0	6566382	1	2	0	0.01562	0.01553	0.0002155	0
75775729646	515042969	2	351622935	1	2	0	0.01562	0.01553	0.0002155	0
75775729657	6219557576	178	3583723625	1	0	0	0.03125	0.006836	0.00001907	0
75775729666	6238340468	218	6565347	1	1	0	0.0625	0.03961	0.00003815	0
75775729676	6249834537	772	1275448	1	0	0	0.05627	0.0202	0.00007725	0
75775756714	6256944237	0		0	1	1	0.01562	0.01553	0.00003815	0
75775762915	6256219415	63	1271783	4	0	0	0.0125	0.01247	0.001131	0
75775762990	515042969	11		5	2	0	0.01562	0.01553	0.0002155	0
75775762993	515042969	11		0	2	0	0.01562	0.01553	0.0002155	0
75775763145	515042969	12		5	2	0	0.01562	0.01553	0.0002155	0
75775763148	515042969	12		0	2	0	0.01562	0.01553	0.0002155	0
75775763910	6256640932	24	4819984634	3	2	6	0.125	0.07959	0.00005436	0
75775763921	6256640932	24		0	2	6	0.125	0.07959	0.00005436	0
75775763922	6256640932	17	4819984634	3	2	6	0.125	0.07959	0.00005436	0
75775763933	6256640932	17		0	2	6	0.125	0.07959	0.00005436	0
75775763934	6256640932	9	4819984634	3	2	6	0.125	0.07959	0.00005436	0
75775763945	6256640932	9		0	2	6	0.125	0.07959	0.00005436	0
75776659644	5495695565	1	904978	1	0	0	0.05627	0.007767	0.0003862	0
75776659653	6249834537	45	4022989355	1	0	0	0.05627	0.0202	0.00007725	0
75776659665	6255532702	274	3231154757	1	0	0	0.06873	0.01193	0.0001154	0
75776659677	6255532702	666	317341528	1	0	0	0.06873	0.01193	0.0001154	0
75776659689	6255532702	956	38686564	1	0	0	0.06873	0.01193	0.0001154	0
75776659724	6256830227	1371	381133	1	0	0	0.02249	0.0575	0.0004635	0
75776696412	6221861800	16753	336021528	2	0	0	0.0125	0.0159	0.0004044	0
75776696419	6221861800	16753		0	0	0	0.0125	0.0159	0.0004044	0
75776696420	6249834537	49	336021528	2	0	0	0.05627	0.0202	0.00007725	0
75776696431	6249834537	49		0	0	0	0.05627	0.0202	0.00007725	0
75776696432	6221861800	19879	336021528	2	0	0	0.0125	0.0159	0.0004044	0
75776696439	6221861800	19879		0	0	0	0.0125	0.0159	0.0004044	0
75776696441	6256941635	7	336021528	1	0	4	0.1775	0.03107	0.00005627	0
75776696490	6256018664	2	38745633	2	2	1	0.0625	0.003883	0.000007629	0
75776696498	6256018664	2		0	2	1	0.0625	0.003883	0.000007629	0
75776696499	6256018813	40	38745633	2	2	1	0.0125	0.02298	0.000007629	0
75776696506	6256018813	40		0	2	1	0.0125	0.02298	0.000007629	0
75776696508	6256941469	0	38745633	1	2	8	0.25	0.007767	0.00001144	0
75776697117	6256640932	8	4802042730	3	2	6	0.125	0.07959	0.00005436	0
75776697128	6256640932	8		0	2	6	0.125	0.07959	0.00005436	0
75777636464	6256640932	9	4819984634	1	2	6	0.125	0.07959	0.00005436	0
75777636477	6255532702	952	4819984634	2	0	0	0.06873	0.01193	0.0001154	0
75777636486	6255532702	952		0	0	0	0.06873	0.01193	0.0001154	0
75777636512	515042954	5	4802479866	5	2	0	0.1156	0.02097	0.0001059	0
75777636515	515042954	5		0	2	0	0.1156	0.02097	0.0001059	0
75777636544	6256944237	0	3349074896	1	1	1	0.01562	0.01553	0.00003815	0
75777636556	515042969	11	294983444	1	2	0	0.01562	0.01553	0.0002155	0
75777636568	515042969	12	1094546	1	2	0	0.01562	0.01553	0.0002155	0
75777680599	515042969	15		5	2	0	0.01562	0.01553	0.0002155	0
75777680602	515042969	15		0	2	0	0.01562	0.01553	0.0002155	0
75777680995	6256830227	50	4874102959	3	0	0	0.02249	0.0575	0.0004635	0
75777681010	6256830227	50		0	0	0	0.02249	0.0575	0.0004635	0
75777681448	6238340468	494	38685424	2	1	0	0.0625	0.03961	0.00003815	0
75777681456	6238340468	494		0	1	0	0.0625	0.03961	0.00003815	0
75777681457	6249834537	394	38685424	2	0	0	0.05627	0.0202	0.00007725	0
75777681468	6249834537	394		0	0	0	0.05627	0.0202	0.00007725	0
75777681469	6238340468	2345	38685424	2	1	0	0.0625	0.03961	0.00003815	0
75777681477	6238340468	2345		0	1	0	0.0625	0.03961	0.00003815	0
75777681479	6256941635	14	38685424	1	0	4	0.1775	0.03107	0.00005627	0
75777681671	6255532702	413	295001041	2	0	0	0.06873	0.01193	0.0001154	0
75777681680	6255532702	413		0	0	0	0.06873	0.01193	0.0001154	0
75777681681	6255532702	412	295001041	2	0	0	0.06873	0.01193	0.0001154	0
75777681690	6255532702	412		0	0	0	0.06873	0.01193	0.0001154	0
75777681692	6256941635	22	295001041	1	0	4	0.1775	0.03107	0.00005627	0
75778547960	6256018664	2	1340515	1	2	1	0.0625	0.003883	0.000007629	0
75778547978	6256018813	40	4820234896	1	2	1	0.0125	0.02298	0.000007629	0
75778547996	6221861800	16753	2507381619	1	0	0	0.0125	0.0159	0.0004044	0
75778548005	6221861800	19879	665523726	1	0	0	0.0125	0.0159	0.0004044	0
75778548021	6238340468	1307	371617923	1	1	0	0.0625	0.03961	0.00003815	0
75778548048	6249834537	49	38124130	1	0	0	0.05627	0.0202	0.00007725	0
75778548060	6255532702	952	336071717	1	0	0	0.06873	0.01193	0.0001154	0
75778548069	6256830227	1372	4820239047	1	0	0	0.02249	0.0575	0.0004635	0
75778548078	6256830227	1373	4820239047	1	0	0	0.02249	0.0575	0.0004635	0
75778958377	6249834537	732	30789302	2	0	0	0.05627	0.0202	0.00007725	0
75778958388	6249834537	732		0	0	0	0.05627	0.0202	0.00007725	0
75778958389	6221861800	14427	30789302	2	0	0	0.0125	0.0159	0.0004044	0
75778958396	6221861800	14427		0	0	0	0.0125	0.0159	0.0004044	0
75778958398	6256941635	1	30789302	1	0	4	0.1775	0.03107	0.00005627	0
75778958798	6256922010	67	1332302	2	0	0	0.0625	0.0318	0.0007715	0
75778958811	6256922010	67		0	0	0	0.0625	0.0318	0.0007715	0
75778958813	6256941635	29	1332302	1	0	4	0.1775	0.03107	0.00005627	0
75779749334	6249834537	394	711247	1	0	0	0.05627	0.0202	0.00007725	0
75779749345	6255532702	412	257406760	1	0	0	0.06873	0.01193	0.0001154	0
75779749357	6255532702	413	317468392	1	0	0	0.06873	0.01193	0.0001154	0
75779749366	6256830227	1374	4874102959	1	0	0	0.02249	0.0575	0.0004635	0
75779878942	6255532702	663	2055485967	2	0	0	0.06873	0.01193	0.0001154	0
75779878951	6255532702	663		0	0	0	0.06873	0.01193	0.0001154	0
75779878952	5966089485	397	2055485967	2	0	0	0.03125	0.006836	0.00001907	0
75779878959	5966089485	397		0	0	0	0.03125	0.006836	0.00001907	0
75779878960	6221861800	2246	2055485967	2	0	0	0.0125	0.0159	0.0004044	0
75779878967	6221861800	2246		0	0	0	0.0125	0.0159	0.0004044	0
75779878969	6256941635	23	2055485967	1	0	4	0.1775	0.03107	0.00005627	0
75779879364	6256606278	199	4486038531	4	0	0	0.009369	0.01663	0.0006943	0
75779879423	6255532702	677	274862940	2	0	0	0.06873	0.01193	0.0001154	0
75779879432	6255532702	677		0	0	0	0.06873	0.01193	0.0001154	0
75779879433	6255532702	668	274862940	2	0	0	0.06873	0.01193	0.0001154	0
75779879442	6255532702	668		0	0	0	0.06873	0.01193	0.0001154	0
75779879443	5402488769	3723	274862940	2	1	0	0.0006247	0.003883	0.00002098	0
75779879450	5402488769	3723		0	1	0	0.0006247	0.003883	0.00002098	0
75779879451	6219557576	11	274862940	2	0	0	0.03125	0.006836	0.00001907	0
75779879458	6219557576	11		0	0	0	0.03125	0.006836	0.00001907	0
75779879460	6256941635	18	274862940	1	0	4	0.1775	0.03107	0.00005627	0
75779879700	6255532702	723	38656095	2	0	0	0.06873	0.01193	0.0001154	0
75779879709	6255532702	723		0	0	0	0.06873	0.01193	0.0001154	0
75779879711	6256941635	20	38656095	1	0	4	0.1775	0.03107	0.00005627	0
75779880102	6256934523	1	6639225	4	0	6	0.009369	0.002735	0.00003052	0
75780750881	6221861800	14427	31078997	1	0	0	0.0125	0.0159	0.0004044	0
75780750921	6249834537	732	2852021	1	0	0	0.05627	0.0202	0.00007725	0
75780778694	6256934523	5	216881134	4	0	6	0.009369	0.002735	0.00003052	0
75780778775	6183750753	28	1094236	2	1	0	0.125	0.03339	0.00001907	0
75780778782	6183750753	28		0	1	0	0.125	0.03339	0.00001907	0
75780778784	6256941635	3	1094236	1	0	4	0.1775	0.03107	0.00005627	0
75780779144	6256640932	27	682801	3	2	6	0.125	0.07959	0.00005436	0
75780779155	6256640932	27		0	2	6	0.125	0.07959	0.00005436	0
75780779636	6256838156	0	1391219656	3	2	0	0.006248	0.0575	0.00003815	0
75780779646	6256838156	0		0	2	0	0.006248	0.0575	0.00003815	0
75781645828	5402488769	3723	2110696959	1	1	0	0.0006247	0.003883	0.00002098	0
75781645837	5966089485	397	6566743	1	0	0	0.03125	0.006836	0.00001907	0
75781645855	6219557576	11	201595472	1	0	0	0.03125	0.006836	0.00001907	0
75781645878	6221861800	2246	1274298	1	0	0	0.0125	0.0159	0.0004044	0
75781645910	6255532702	663	4486038531	1	0	0	0.06873	0.01193	0.0001154	0
75781676766	6255532702	354	32062238	2	0	0	0.06873	0.01193	0.0001154	0
75781676775	6255532702	354		0	0	0	0.06873	0.01193	0.0001154	0
75781676776	6249834537	165	32062238	2	0	0	0.05627	0.0202	0.00007725	0
75781676787	6249834537	165		0	0	0	0.05627	0.0202	0.00007725	0
75781676788	6219557576	283	32062238	2	0	0	0.03125	0.006836	0.00001907	0
75781676795	6219557576	283		0	0	0	0.03125	0.006836	0.00001907	0
75781676797	6256941635	6	32062238	1	0	4	0.1775	0.03107	0.00005627	0
75781676972	6256606278	690	257351345	4	0	0	0.009369	0.01663	0.0006943	0
75781677515	6256603109	15	336062105	4	1	4	0.09998	0.02069	0.00003815	1
75782550452	6256830227	50	1391219656	1	0	0	0.02249	0.0575	0.0004635	0
75782550466	6256838156	0	634703	1	2	0	0.006248	0.0575	0.00003815	0
75782585806	6256944489	0		0	0	9	0	0.0001554	0	0
75782594973	6255532702	427	4302684846	2	0	0	0.06873	0.01193	0.0001154	0
75782594982	6255532702	427		0	0	0	0.06873	0.01193	0.0001154	0
75782594983	6255532702	24	4302684846	2	0	0	0.06873	0.01193	0.0001154	0
75782594992	6255532702	24		0	0	0	0.06873	0.01193	0.0001154	0
75782594994	6256941635	24	4302684846	1	0	4	0.1775	0.03107	0.00005627	0
75782595299	6256828882	172	463440447	5	0	0	0.02563	0.0575	0.0004635	0
75782595310	6256828882	172		0	0	0	0.02563	0.0575	0.0004635	0
75782595569	6221861800	2863	16909011	2	0	0	0.0125	0.0159	0.0004044	0
75782595576	6221861800	2863		0	0	0	0.0125	0.0159	0.0004044	0
75782595577	6183750753	18	16909011	2	1	0	0.125	0.03339	0.00001907	0
75782595584	6183750753	18		0	1	0	0.125	0.03339	0.00001907	0
75782595586	6256941635	21	16909011	1	0	4	0.1775	0.03107	0.00005627	0
75782595747	6256922010	38	3383067123	4	0	0	0.0625	0.0318	0.0007715	0
75783414021	515042969	15	336062105	1	2	0	0.01562	0.01553	0.0002155	0
75783414038	6219557576	283	2055631589	1	0	0	0.03125	0.006836	0.00001907	0
75783414096	6249834537	165	1271735	1	0	0	0.05627	0.0202	0.00007725	0
75783414114	6255532702	354	708496208	1	0	0	0.06873	0.01193	0.0001154	0
75783414153	6256830227	1375	257351345	1	0	0	0.02249	0.0575	0.0004635	0
75783554512	6256922010	66	4478549581	4	0	0	0.0625	0.0318	0.0007715	0
75784396323	6256944489	0	3231862370	1	0	9	0	0.0001554	0	0
75784396332	6183750753	2	3383067123	1	1	0	0.125	0.03339	0.00001907	0
75784396350	6221861800	2863	2441406994	1	0	0	0.0125	0.0159	0.0004044	0
75784396377	6256828882	172	463440447	1	0	0	0.02563	0.0575	0.0004635	0
75784416586	6256944614	0		0	1	1	0.01562	0.01553	0.00003815	0
75784425303	6256640932	5	4819984634	3	2	6	0.125	0.07959	0.00005436	0
75784425314	6256640932	5		0	2	6	0.125	0.07959	0.00005436	0
75784425315	6256640932	22	4819984634	3	2	6	0.125	0.07959	0.00005436	0
75784425326	6256640932	22		0	2	6	0.125	0.07959	0.00005436	0
75785237816	6255532702	181	4478549581	1	0	0	0.06873	0.01193	0.0001154	0
75785237830	6256830227	1376	227323297	1	0	0	0.02249	0.0575	0.0004635	0
75785265902	6255532702	374	2207100783	2	0	0	0.06873	0.01193	0.0001154	0
75785265911	6255532702	374		0	0	0	0.06873	0.01193	0.0001154	0
75785265912	6255532702	926	2207100783	2	0	0	0.06873	0.01193	0.0001154	0
75785265921	6255532702	926		0	0	0	0.06873	0.01193	0.0001154	0
75785265922	6221861800	16333	2207100783	2	0	0	0.0125	0.0159	0.0004044	0
75785265929	6221861800	16333		0	0	0	0.0125	0.0159	0.0004044	0
75785265931	6256640932	18	2207100783	1	2	6	0.125	0.07959	0.00005436	0
75786150656	6256944614	0	3351473350	1	1	1	0.01562	0.01553	0.00003815	0
75786150694	6255532702	24	2207100783	1	0	0	0.06873	0.01193	0.0001154	0
75786150709	6256830227	1377	4246545035	1	0	0	0.02249	0.0575	0.0004635	0
75786172363	6256944689	0		0	2	0	0.009933	0.004662	0.00001144	0
75786197651	6256944691	0		0	0	1	0.0006247	0.003975	0.000004768	0
75786201488	6256606278	269	257406178	4	0	0	0.009369	0.01663	0.0006943	0
75787034299	6221861800	16333	38737050	1	0	0	0.0125	0.0159	0.0004044	0
75787057792	6256943699	0		0	0	6	0.009369	0.002205	0.00003052	0
75787057794	6256943699	1		0	0	6	0.009369	0.002205	0.00003052	0
75787057796	6256943699	2		0	0	6	0.009369	0.002205	0.00003052	0
75787057798	6256943699	3		0	0	6	0.009369	0.002205	0.00003052	0
75787057800	6256943699	4		0	0	6	0.009369	0.002205	0.00003052	0
75787057802	6256943699	5		0	0	6	0.009369	0.002205	0.00003052	0
75787057804	6256943699	6		0	0	6	0.009369	0.002205	0.00003052	0
75787057806	6256943699	7		0	0	6	0.009369	0.002205	0.00003052	0
75787057808	6256943699	8		0	0	6	0.009369	0.002205	0.00003052	0
75787060711	6256943847	0		0	1	8	0.0625	0.009323	0.00003815	0
75787066954	515042969	17		5	2	0	0.01562	0.01553	0.0002155	0
75787066957	515042969	17		0	2	0	0.01562	0.01553	0.0002155	0
75787067048	515042969	21		5	2	0	0.01562	0.01553	0.0002155	0
75787067051	515042969	21		0	2	0	0.01562	0.01553	0.0002155	0
75787067182	6256606278	720	317330969	4	0	0	0.009369	0.01663	0.0006943	0
75787067524	6256922010	73	336035840	4	0	0	0.0625	0.0318	0.0007715	0
75787874782	6256944691	0	1271358	1	0	1	0.0006247	0.003975	0.000004768	0
75787874827	6256944689	0	207834076	1	2	0	0.009933	0.004662	0.00001144	0
75787900834	6255967760	356	573595422	4	1	4	0.05103	0.03918	0.00193	0
75787900929	6256606278	655	485241	4	0	0	0.009369	0.01663	0.0006943	0
75787901122	6256941034	0	4361029809	4	1	4	0.0006247	0.003975	0.000004768	0
75787901134	6256842139	6	6566559	4	1	4	0.02438	0.02704	0.0003862	0
75788767134	6256943847	0	295000406	1	1	8	0.0625	0.009323	0.00003815	0
75788767137	6256943877	0		0	1	4	0.03125	0.009323	0.0001545	0
75788767138	6256943877	1		0	1	4	0.03125	0.009323	0.0001545	0
75788767139	6256943877	2		0	1	4	0.03125	0.009323	0.0001545	0
75788767140	6256943877	3		0	1	4	0.03125	0.009323	0.0001545	0
75788767141	6256943877	4		0	1	4	0.03125	0.009323	0.0001545	0
75788767142	6256943877	5		0	1	4	0.03125	0.009323	0.0001545	0
75788767143	6256943877	6		0	1	4	0.03125	0.009323	0.0001545	0
75788767144	6256943877	7		0	1	4	0.03125	0.009323	0.0001545	0
75788767145	6256943877	8		0	1	4	0.03125	0.009323	0.0001545	0
75788767146	6256943877	9		0	1	4	0.03125	0.009323	0.0001545	0
75788767147	6256943877	10		0	1	4	0.03125	0.009323	0.0001545	0
75788767148	6256943877	11		0	1	4	0.03125	0.009323	0.0001545	0
75788767149	6256943877	12		0	1	4	0.03125	0.009323	0.0001545	0
75788767150	6256943877	13		0	1	4	0.03125	0.009323	0.0001545	0
75788767151	6256943877	14		0	1	4	0.03125	0.009323	0.0001545	0
75788767152	6256943877	15		0	1	4	0.03125	0.009323	0.0001545	0
75788767153	6256943877	16		0	1	4	0.03125	0.009323	0.0001545	0
75788767154	6256943877	17		0	1	4	0.03125	0.009323	0.0001545	0
75788767155	6256943877	18		0	1	4	0.03125	0.009323	0.0001545	0
75788767156	6256943877	19		0	1	4	0.03125	0.009323	0.0001545	0
75788767157	6256943877	20		0	1	4	0.03125	0.009323	0.0001545	0
75788767158	6256943877	21		0	1	4	0.03125	0.009323	0.0001545	0
75788767159	6256943877	22		0	1	4	0.03125	0.009323	0.0001545	0
75788767160	6256943877	23		0	1	4	0.03125	0.009323	0.0001545	0
75788767161	6256943877	24		0	1	4	0.03125	0.009323	0.0001545	0
75788767162	6256943877	25		0	1	4	0.03125	0.009323	0.0001545	0
75788767163	6256943877	26		0	1	4	0.03125	0.009323	0.0001545	0
75788767164	6256943877	27		0	1	4	0.03125	0.009323	0.0001545	0
75788767165	6256943877	28		0	1	4	0.03125	0.009323	0.0001545	0
75788767166	6256943877	29		0	1	4	0.03125	0.009323	0.0001545	0
75788767167	6256943877	30		0	1	4	0.03125	0.009323	0.0001545	0
75788767168	6256943877	31		0	1	4	0.03125	0.009323	0.0001545	0
75788767169	6256943877	32		0	1	4	0.03125	0.009323	0.0001545	0
75788767170	6256943877	33		0	1	4	0.03125	0.009323	0.0001545	0
75788767171	6256943877	34		0	1	4	0.03125	0.009323	0.0001545	0
75788767172	6256943877	35		0	1	4	0.03125	0.009323	0.0001545	0
75788767173	6256943877	36		0	1	4	0.03125	0.009323	0.0001545	0
75788767174	6256943877	37		0	1	4	0.03125	0.009323	0.0001545	0
75788767175	6256943877	38		0	1	4	0.03125	0.009323	0.0001545	0
75788767176	6256943877	39		0	1	4	0.03125	0.009323	0.0001545	0
75788767177	6256943877	40		0	1	4	0.03125	0.009323	0.0001545	0
75788767178	6256943877	41		0	1	4	0.03125	0.009323	0.0001545	0
75788767179	6256943877	42		0	1	4	0.03125	0.009323	0.0001545	0
75788767180	6256943877	43		0	1	4	0.03125	0.009323	0.0001545	0
75788767181	6256943877	44		0	1	4	0.03125	0.009323	0.0001545	0
75788767182	6256943877	45		0	1	4	0.03125	0.009323	0.0001545	0
75788767183	6256943877	46		0	1	4	0.03125	0.009323	0.0001545	0
75788767184	6256943877	47		0	1	4	0.03125	0.009323	0.0001545	0
75788767185	6256943877	48		0	1	4	0.03125	0.009323	0.0001545	0
75788767186	6256943877	49		0	1	4	0.03125	0.009323	0.0001545	0
75788767187	6256943877	50		0	1	4	0.03125	0.009323	0.0001545	0
75788767188	6256943877	51		0	1	4	0.03125	0.009323	0.0001545	0
75788767189	6256943877	52		0	1	4	0.03125	0.009323	0.0001545	0
75788767190	6256943877	53		0	1	4	0.03125	0.009323	0.0001545	0
75788767191	6256943877	54		0	1	4	0.03125	0.009323	0.0001545	0
75788767192	6256943877	55		0	1	4	0.03125	0.009323	0.0001545	0
75788767193	6256943877	56		0	1	4	0.03125	0.009323	0.0001545	0
75788767194	6256943877	57		0	1	4	0.03125	0.009323	0.0001545	0
75788767195	6256943877	58		0	1	4	0.03125	0.009323	0.0001545	0
75788767196	6256943877	59		0	1	4	0.03125	0.009323	0.0001545	0
75788767197	6256943877	60		0	1	4	0.03125	0.009323	0.0001545	0
75788767198	6256943877	61		0	1	4	0.03125	0.009323	0.0001545	0
75788767199	6256943877	62		0	1	4	0.03125	0.009323	0.0001545	0
75788767200	6256943877	63		0	1	4	0.03125	0.009323	0.0001545	0
75788767201	6256943877	64		0	1	4	0.03125	0.009323	0.0001545	0
75788767202	6256943877	65		0	1	4	0.03125	0.009323	0.0001545	0
75788767203	6256943877	66		0	1	4	0.03125	0.009323	0.0001545	0
75788767204	6256943877	67		0	1	4	0.03125	0.009323	0.0001545	0
75788767205	6256943877	68		0	1	4	0.03125	0.009323	0.0001545	0
75788767206	6256943877	69		0	1	4	0.03125	0.009323	0.0001545	0
75788767207	6256943877	70		0	1	4	0.03125	0.009323	0.0001545	0
75788767208	6256943877	71		0	1	4	0.03125	0.009323	0.0001545	0
75788767209	6256943877	72		0	1	4	0.03125	0.009323	0.0001545	0
75788767210	6256943877	73		0	1	4	0.03125	0.009323	0.0001545	0
75788767211	6256943877	74		0	1	4	0.03125	0.009323	0.0001545	0
75788767212	6256943877	75		0	1	4	0.03125	0.009323	0.0001545	0
75788767213	6256943877	76		0	1	4	0.03125	0.009323	0.0001545	0
75788767214	6256943877	77		0	1	4	0.03125	0.009323	0.0001545	0
75788767215	6256943877	78		0	1	4	0.03125	0.009323	0.0001545	0
75788767216	6256943877	79		0	1	4	0.03125	0.009323	0.0001545	0
75788767217	6256943877	80		0	1	4	0.03125	0.009323	0.0001545	0
75788767218	6256943877	81		0	1	4	0.03125	0.009323	0.0001545	0
75788767219	6256943877	82		0	1	4	0.03125	0.009323	0.0001545	0
75788767220	6256943877	83		0	1	4	0.03125	0.009323	0.0001545	0
75788767221	6256943877	84		0	1	4	0.03125	0.009323	0.0001545	0
75788767222	6256943877	85		0	1	4	0.03125	0.009323	0.0001545	0
75788767223	6256943877	86		0	1	4	0.03125	0.009323	0.0001545	0
75788767224	6256943877	87		0	1	4	0.03125	0.009323	0.0001545	0
75788767225	6256943877	88		0	1	4	0.03125	0.009323	0.0001545	0
75788767226	6256943877	89		0	1	4	0.03125	0.009323	0.0001545	0
75788767227	6256943877	90		0	1	4	0.03125	0.009323	0.0001545	0
75788767228	6256943877	91		0	1	4	0.03125	0.009323	0.0001545	0
75788767229	6256943877	92		0	1	4	0.03125	0.009323	0.0001545	0
75788767230	6256943877	93		0	1	4	0.03125	0.009323	0.0001545	0
75788767231	6256943877	94		0	1	4	0.03125	0.009323	0.0001545	0
75788767232	6256943877	95		0	1	4	0.03125	0.009323	0.0001545	0
75788767233	6256943877	96		0	1	4	0.03125	0.009323	0.0001545	0
75788767234	6256943877	97		0	1	4	0.03125	0.009323	0.0001545	0
75788767235	6256943877	98		0	1	4	0.03125	0.009323	0.0001545	0
75788767236	6256943877	99		0	1	4	0.03125	0.009323	0.0001545	0
75788767237	6256944169	0		0	1	0	0.006248	0.009323	0.00003815	0
75788767248	6256943699	0	418559	1	0	6	0.009369	0.002205	0.00003052	0
75788767256	6256943699	1	38673316	1	0	6	0.009369	0.002205	0.00003052	0
75788767270	6256943699	2	5351430507	1	0	6	0.009369	0.002205	0.00003052	0
75788767284	6256943699	3	5116299323	1	0	6	0.009369	0.002205	0.00003052	0
75788767304	6256943699	4	17504596	1	0	6	0.009369	0.002205	0.00003052	0
75788767324	6256943699	5	38732454	1	0	6	0.009369	0.002205	0.00003052	0
75788767344	6256943699	6	31078997	1	0	6	0.009369	0.002205	0.00003052	0
75788767364	6256943699	7	554338230	1	0	6	0.009369	0.002205	0.00003052	0
75788767384	6256943699	8	1332342	1	0	6	0.009369	0.002205	0.00003052	0
75788767402	515042969	16	336035840	1	2	0	0.01562	0.01553	0.0002155	0
75788767414	515042969	17	257405090	1	2	0	0.01562	0.01553	0.0002155	0
75788767426	515042969	19	38686505	1	2	0	0.01562	0.01553	0.0002155	0
75788767484	6255532702	374	336035840	1	0	0	0.06873	0.01193	0.0001154	0
75788791870	6256944830	0		0	0	0	0.0125	0.006104	0.000009537	0
75788791872	6256944830	1		0	0	0	0.0125	0.006104	0.000009537	0
75789662676	6256943877	0	3230899591	1	1	4	0.03125	0.009323	0.0001545	0
75789662700	6256943877	1	974254	1	1	4	0.03125	0.009323	0.0001545	0
75789662724	6256943877	2	208019205	1	1	4	0.03125	0.009323	0.0001545	0
75789662748	6256943877	3	56895651	1	1	4	0.03125	0.009323	0.0001545	0
75789662772	6256943877	4	6608797	1	1	4	0.03125	0.009323	0.0001545	0
75789662796	6256943877	5	711355	1	1	4	0.03125	0.009323	0.0001545	0
75789662820	6256943877	6	4802479771	1	1	4	0.03125	0.009323	0.0001545	0
75789662844	6256943877	7	294862247	1	1	4	0.03125	0.009323	0.0001545	0
75789662868	6256943877	8	400468846	1	1	4	0.03125	0.009323	0.0001545	0
75789662892	6256943877	9	38676904	1	1	4	0.03125	0.009323	0.0001545	0
75789662916	6256943877	10	4469221424	1	1	4	0.03125	0.009323	0.0001545	0
75789662940	6256943877	11	3996029554	1	1	4	0.03125	0.009323	0.0001545	0
75789662964	6256943877	12	1302497	1	1	4	0.03125	0.009323	0.0001545	0
75789662989	6256943877	13	3215724643	1	1	4	0.03125	0.009323	0.0001545	0
75789663013	6256943877	14	1510877026	1	1	4	0.03125	0.009323	0.0001545	0
75789663037	6256943877	15	4820288180	1	1	4	0.03125	0.009323	0.0001545	0
75789663061	6256943877	16	660405	1	1	4	0.03125	0.009323	0.0001545	0
75789663085	6256943877	17	567917	1	1	4	0.03125	0.009323	0.0001545	0
75789663109	6256943877	18	907123	1	1	4	0.03125	0.009323	0.0001545	0
75789663133	6256943877	19	2707265924	1	1	4	0.03125	0.009323	0.0001545	0
75789663157	6256943877	20	665484	1	1	4	0.03125	0.009323	0.0001545	0
75789663181	6256943877	21	4802140024	1	1	4	0.03125	0.009323	0.0001545	0
75789663205	6256943877	22	487295	1	1	4	0.03125	0.009323	0.0001545	0
75789663229	6256943877	23	1093855	1	1	4	0.03125	0.009323	0.0001545	0
75789663253	6256943877	24	1270278	1	1	4	0.03125	0.009323	0.0001545	0
75789663277	6256943877	25	4820854636	1	1	4	0.03125	0.009323	0.0001545	0
75789663301	6256943877	26	30790399	1	1	4	0.03125	0.009323	0.0001545	0
75789663325	6256943877	27	4302174857	1	1	4	0.03125	0.009323	0.0001545	0
75789663349	6256943877	28	6568015	1	1	4	0.03125	0.009323	0.0001545	0
75789663373	6256943877	29	4304177436	1	1	4	0.03125	0.009323	0.0001545	0
75789663397	6256943877	30	228738982	1	1	4	0.03125	0.009323	0.0001545	0
75789663421	6256943877	31	284787048	1	1	4	0.03125	0.009323	0.0001545	0
75789663445	6256943877	32	3207817516	1	1	4	0.03125	0.009323	0.0001545	0
75789663469	6256943877	33	280043712	1	1	4	0.03125	0.009323	0.0001545	0
75789663493	6256943877	34	3230890260	1	1	4	0.03125	0.009323	0.0001545	0
75789663517	6256943877	35	400424036	1	1	4	0.03125	0.009323	0.0001545	0
75789663541	6256943877	36	6568417	1	1	4	0.03125	0.009323	0.0001545	0
75789663567	6256943877	37	1429210828	1	1	4	0.03125	0.009323	0.0001545	0
75789663591	6256943877	38	642353262	1	1	4	0.03125	0.009323	0.0001545	0
75789663615	6256943877	39	4303333558	1	1	4	0.03125	0.009323	0.0001545	0
75789663639	6256943877	40	4820428784	1	1	4	0.03125	0.009323	0.0001545	0
75789663663	6256943877	41	7780786	1	1	4	0.03125	0.009323	0.0001545	0
75789663687	6256943877	42	284800619	1	1	4	0.03125	0.009323	0.0001545	0
75789663711	6256943877	43	257410070	1	1	4	0.03125	0.009323	0.0001545	0
75789663735	6256943877	44	3593837692	1	1	4	0.03125	0.009323	0.0001545	0
75789663759	6256943877	45	854234292	1	1	4	0.03125	0.009323	0.0001545	0
75789663783	6256943877	46	2113205802	1	1	4	0.03125	0.009323	0.0001545	0
75789663807	6256943877	47	4239714799	1	1	4	0.03125	0.009323	0.0001545	0
75789663831	6256943877	48	991358645	1	1	4	0.03125	0.009323	0.0001545	0
75789663855	6256943877	49	2260121343	1	1	4	0.03125	0.009323	0.0001545	0
75789663879	6256943877	50	672217	1	1	4	0.03125	0.009323	0.0001545	0
75789663903	6256943877	51	2595183881	1	1	4	0.03125	0.009323	0.0001545	0
75789663927	6256943877	52	5771534	1	1	4	0.03125	0.009323	0.0001545	0
75789663951	6256943877	53	257498566	1	1	4	0.03125	0.009323	0.0001545	0
75789663975	6256943877	54	789120385	1	1	4	0.03125	0.009323	0.0001545	0
75789663999	6256943877	55	4217339556	1	1	4	0.03125	0.009323	0.0001545	0
75789664023	6256943877	56	1436368677	1	1	4	0.03125	0.009323	0.0001545	0
75789664047	6256943877	57	308118179	1	1	4	0.03125	0.009323	0.0001545	0
75789664071	6256943877	58	1320018	1	1	4	0.03125	0.009323	0.0001545	0
75789664095	6256943877	59	1302489	1	1	4	0.03125	0.009323	0.0001545	0
75789664119	6256943877	60	363694326	1	1	4	0.03125	0.009323	0.0001545	0
75789664143	6256943877	61	1464042314	1	1	4	0.03125	0.009323	0.0001545	0
75789664167	6256943877	62	979141	1	1	4	0.03125	0.009323	0.0001545	0
75789664191	6256943877	63	789537090	1	1	4	0.03125	0.009323	0.0001545	0
75789664215	6256943877	64	2898827087	1	1	4	0.03125	0.009323	0.0001545	0
75789664239	6256943877	65	326064577	1	1	4	0.03125	0.009323	0.0001545	0
75789664263	6256943877	66	332416743	1	1	4	0.03125	0.009323	0.0001545	0
75789664287	6256943877	67	478267505	1	1	4	0.03125	0.009323	0.0001545	0
75789664311	6256943877	68	38660232	1	1	4	0.03125	0.009323	0.0001545	0
75789664335	6256943877	69	4083385550	1	1	4	0.03125	0.009323	0.0001545	0
75789664359	6256943877	70	1331904	1	1	4	0.03125	0.009323	0.0001545	0
75789664383	6256943877	71	6648741	1	1	4	0.03125	0.009323	0.0001545	0
75789664407	6256943877	72	61712248	1	1	4	0.03125	0.009323	0.0001545	0
75789664431	6256943877	73	906387	1	1	4	0.03125	0.009323	0.0001545	0
75789664455	6256943877	74	587047536	1	1	4	0.03125	0.009323	0.0001545	0
75789664479	6256943877	75	1338880	1	1	4	0.03125	0.009323	0.0001545	0
75789664503	6256943877	76	2113621362	1	1	4	0.03125	0.009323	0.0001545	0
75789664527	6256943877	77	6563873	1	1	4	0.03125	0.009323	0.0001545	0
75789664551	6256943877	78	1341724	1	1	4	0.03125	0.009323	0.0001545	0
75789664575	6256943877	79	294763364	1	1	4	0.03125	0.009323	0.0001545	0
75789664599	6256943877	80	4519193320	1	1	4	0.03125	0.009323	0.0001545	0
75789664623	6256943877	81	603126	1	1	4	0.03125	0.009323	0.0001545	0
75789664647	6256943877	82	4469949093	1	1	4	0.03125	0.009323	0.0001545	0
75789664671	6256943877	83	336038551	1	1	4	0.03125	0.009323	0.0001545	0
75789664695	6256943877	84	294823268	1	1	4	0.03125	0.009323	0.0001545	0
75789664719	6256943877	85	84847796	1	1	4	0.03125	0.009323	0.0001545	0
75789664743	6256943877	86	227436300	1	1	4	0.03125	0.009323	0.0001545	0
75789664767	6256943877	87	6568154	1	1	4	0.03125	0.009323	0.0001545	0
75789664791	6256943877	88	1760950962	1	1	4	0.03125	0.009323	0.0001545	0
75789664815	6256943877	89	38644183	1	1	4	0.03125	0.009323	0.0001545	0
75789664839	6256943877	90	1227569792	1	1	4	0.03125	0.009323	0.0001545	0
75789664863	6256943877	91	711417	1	1	4	0.03125	0.009323	0.0001545	0
75789664887	6256943877	92	5496712449	1	1	4	0.03125	0.009323	0.0001545	0
75789664911	6256943877	93	4302750509	1	1	4	0.03125	0.009323	0.0001545	0
75789664935	6256943877	94	6567457	1	1	4	0.03125	0.009323	0.0001545	0
75789664959	6256943877	95	6565312	1	1	4	0.03125	0.009323	0.0001545	0
75789664983	6256943877	96	4304947366	1	1	4	0.03125	0.009323	0.0001545	0
75789665007	6256943877	97	7195344	1	1	4	0.03125	0.009323	0.0001545	0
75789665031	6256943877	98	4302223220	1	1	4	0.03125	0.009323	0.0001545	0
75789665055	6256943877	99	317471772	1	1	4	0.03125	0.009323	0.0001545	0
75789665093	6256944169	0	336025729	1	1	0	0.006248	0.009323	0.00003815	0
75790109561	6256930906	0	564465365	4	1	6	0.0625	0.006218	0.00004482	0
75791006973	6256944830	0	2441406994	1	0	0	0.0125	0.006104	0.000009537	0
75791006987	6256944830	1	3938677536	1	0	0	0.0125	0.006104	0.000009537	0
75791046066	515042969	7		5	2	0	0.01562	0.01553	0.0002155	0
75791046069	515042969	7		0	2	0	0.01562	0.01553	0.0002155	0
75791046381	5285926325	0	82756233	3	0	9	0.0625	0.006218	0.00003815	0
75791046391	5285926325	0		0	0	9	0.0625	0.006218	0.00003815	0
75791046504	6256606278	478	3437368011	4	0	0	0.009369	0.01663	0.0006943	0
75791861599	6238340468	494	564465365	1	1	0	0.0625	0.03961	0.00003815	0
75791885269	6256945429	0		0	1	1	0.01562	0.01553	0.00003815	0
75791890117	6256945431	0		0	0	0	0.009369	0.005486	0.000009537	0
75791890119	6256945431	1		0	0	0	0.009369	0.005486	0.000009537	0
75791890121	6256945431	2		0	0	0	0.009369	0.005486	0.000009537	0
75791890123	6256945431	3		0	0	0	0.009369	0.005486	0.000009537	0
75791890125	6256945431	4		0	0	0	0.009369	0.005486	0.000009537	0
75791890127	6256945431	5		0	0	0	0.009369	0.005486	0.000009537	0
75791890129	6256945431	6		0	0	0	0.009369	0.005486	0.000009537	0
75791890131	6256945431	7		0	0	0	0.009369	0.005486	0.000009537	0
75791890133	6256945431	8		0	0	0	0.009369	0.005486	0.000009537	0
75791890135	6256945431	9		0	0	0	0.009369	0.005486	0.000009537	0
75791890137	6256945431	10		0	0	0	0.009369	0.005486	0.000009537	0
75791890139	6256945431	11		0	0	0	0.009369	0.005486	0.000009537	0
75791890141	6256945431	12		0	0	0	0.009369	0.005486	0.000009537	0
75791890143	6256945431	13		0	0	0	0.009369	0.005486	0.000009537	0
75791890145	6256945431	14		0	0	0	0.009369	0.005486	0.000009537	0
75791890147	6256945431	15		0	0	0	0.009369	0.005486	0.000009537	0
75791890149	6256945431	16		0	0	0	0.009369	0.005486	0.000009537	0
75791890151	6256945431	17		0	0	0	0.009369	0.005486	0.000009537	0
75791890153	6256945431	18		0	0	0	0.009369	0.005486	0.000009537	0
75791890155	6256945431	19		0	0	0	0.009369	0.005486	0.000009537	0
75791890157	6256945431	20		0	0	0	0.009369	0.005486	0.000009537	0
75791890159	6256945431	21		0	0	0	0.009369	0.005486	0.000009537	0
75791890161	6256945431	22		0	0	0	0.009369	0.005486	0.000009537	0
75791890163	6256945431	23		0	0	0	0.009369	0.005486	0.000009537	0
75791890165	6256945431	24		0	0	0	0.009369	0.005486	0.000009537	0
75791890167	6256945431	25		0	0	0	0.009369	0.005486	0.000009537	0
75791890169	6256945431	26		0	0	0	0.009369	0.005486	0.000009537	0
75791890171	6256945431	27		0	0	0	0.009369	0.005486	0.000009537	0
75791890173	6256945431	28		0	0	0	0.009369	0.005486	0.000009537	0
75791890175	6256945431	29		0	0	0	0.009369	0.005486	0.000009537	0
75791890177	6256945431	30		0	0	0	0.009369	0.005486	0.000009537	0
75791890179	6256945431	31		0	0	0	0.009369	0.005486	0.000009537	0
75791890181	6256945431	32		0	0	0	0.009369	0.005486	0.000009537	0
75791890183	6256945431	33		0	0	0	0.009369	0.005486	0.000009537	0
75791890185	6256945431	34		0	0	0	0.009369	0.005486	0.000009537	0
75791890187	6256945431	35		0	0	0	0.009369	0.005486	0.000009537	0
75791890189	6256945431	36		0	0	0	0.009369	0.005486	0.000009537	0
75791890191	6256945431	37		0	0	0	0.009369	0.005486	0.000009537	0
75791890193	6256945431	38		0	0	0	0.009369	0.005486	0.000009537	0
75791890195	6256945431	39		0	0	0	0.009369	0.005486	0.000009537	0
75791890197	6256945431	40		0	0	0	0.009369	0.005486	0.000009537	0
75791890199	6256945431	41		0	0	0	0.009369	0.005486	0.000009537	0
75791890201	6256945431	42		0	0	0	0.009369	0.005486	0.000009537	0
75791890203	6256945431	43		0	0	0	0.009369	0.005486	0.000009537	0
75791890205	6256945431	44		0	0	0	0.009369	0.005486	0.000009537	0
75791890207	6256945431	45		0	0	0	0.009369	0.005486	0.000009537	0
75791890209	6256945431	46		0	0	0	0.009369	0.005486	0.000009537	0
75791890211	6256945431	47		0	0	0	0.009369	0.005486	0.000009537	0
75791890213	6256945431	48		0	0	0	0.009369	0.005486	0.000009537	0
75791890215	6256945431	49		0	0	0	0.009369	0.005486	0.000009537	0
75791890217	6256945431	50		0	0	0	0.009369	0.005486	0.000009537	0
75791890219	6256945431	51		0	0	0	0.009369	0.005486	0.000009537	0
75791890221	6256945431	52		0	0	0	0.009369	0.005486	0.000009537	0
75791890223	6256945431	53		0	0	0	0.009369	0.005486	0.000009537	0
75791890225	6256945431	54		0	0	0	0.009369	0.005486	0.000009537	0
75791890227	6256945431	55		0	0	0	0.009369	0.005486	0.000009537	0
75791890229	6256945431	56		0	0	0	0.009369	0.005486	0.000009537	0
75791890231	6256945431	57		0	0	0	0.009369	0.005486	0.000009537	0
75791890233	6256945431	58		0	0	0	0.009369	0.005486	0.000009537	0
75791890235	6256945431	59		0	0	0	0.009369	0.005486	0.000009537	0
75791890237	6256945431	60		0	0	0	0.009369	0.005486	0.000009537	0
75791890239	6256945431	61		0	0	0	0.009369	0.005486	0.000009537	0
75791890241	6256945431	62		0	0	0	0.009369	0.005486	0.000009537	0
75791890243	6256945431	63		0	0	0	0.009369	0.005486	0.000009537	0
75791890245	6256945431	64		0	0	0	0.009369	0.005486	0.000009537	0
75791890247	6256945431	65		0	0	0	0.009369	0.005486	0.000009537	0
75791890249	6256945431	66		0	0	0	0.009369	0.005486	0.000009537	0
75791890251	6256945431	67		0	0	0	0.009369	0.005486	0.000009537	0
75791890253	6256945431	68		0	0	0	0.009369	0.005486	0.000009537	0
75791890255	6256945431	69		0	0	0	0.009369	0.005486	0.000009537	0
75791890257	6256945431	70		0	0	0	0.009369	0.005486	0.000009537	0
75791890259	6256945431	71		0	0	0	0.009369	0.005486	0.000009537	0
75791890261	6256945431	72		0	0	0	0.009369	0.005486	0.000009537	0
75791890263	6256945431	73		0	0	0	0.009369	0.005486	0.000009537	0
75791890265	6256945431	74		0	0	0	0.009369	0.005486	0.000009537	0
75791890267	6256945431	75		0	0	0	0.009369	0.005486	0.000009537	0
75791890269	6256945431	76		0	0	0	0.009369	0.005486	0.000009537	0
75791890271	6256945431	77		0	0	0	0.009369	0.005486	0.000009537	0
75791890273	6256945431	78		0	0	0	0.009369	0.005486	0.000009537	0
75791890275	6256945431	79		0	0	0	0.009369	0.005486	0.000009537	0
75791890277	6256945431	80		0	0	0	0.009369	0.005486	0.000009537	0
75791890279	6256945431	81		0	0	0	0.009369	0.005486	0.000009537	0
75791890281	6256945431	82		0	0	0	0.009369	0.005486	0.000009537	0
75791890283	6256945431	83		0	0	0	0.009369	0.005486	0.000009537	0
75791890285	6256945431	84		0	0	0	0.009369	0.005486	0.000009537	0
75791890287	6256945431	85		0	0	0	0.009369	0.005486	0.000009537	0
75791890289	6256945431	86		0	0	0	0.009369	0.005486	0.000009537	0
75791890291	6256945431	87		0	0	0	0.009369	0.005486	0.000009537	0
75791890293	6256945431	88		0	0	0	0.009369	0.005486	0.000009537	0
75791890295	6256945431	89		0	0	0	0.009369	0.005486	0.000009537	0
75791890297	6256945431	90		0	0	0	0.009369	0.005486	0.000009537	0
75791890299	6256945431	91		0	0	0	0.009369	0.005486	0.000009537	0
75791890301	6256945431	92		0	0	0	0.009369	0.005486	0.000009537	0
75791890303	6256945431	93		0	0	0	0.009369	0.005486	0.000009537	0
75791890305	6256945431	94		0	0	0	0.009369	0.005486	0.000009537	0
75791890307	6256945431	95		0	0	0	0.009369	0.005486	0.000009537	0
75791890309	6256945431	96		0	0	0	0.009369	0.005486	0.000009537	0
75791890311	6256945431	97		0	0	0	0.009369	0.005486	0.000009537	0
75791890313	6256945431	98		0	0	0	0.009369	0.005486	0.000009537	0
75791890315	6256945431	99		0	0	0	0.009369	0.005486	0.000009537	0
75791890317	6256945431	100		0	0	0	0.009369	0.005486	0.000009537	0
75791890319	6256945431	101		0	0	0	0.009369	0.005486	0.000009537	0
75791890321	6256945431	102		0	0	0	0.009369	0.005486	0.000009537	0
75791890323	6256945431	103		0	0	0	0.009369	0.005486	0.000009537	0
75791890325	6256945431	104		0	0	0	0.009369	0.005486	0.000009537	0
75791890327	6256945431	105		0	0	0	0.009369	0.005486	0.000009537	0
75791890329	6256945431	106		0	0	0	0.009369	0.005486	0.000009537	0
75791890331	6256945431	107		0	0	0	0.009369	0.005486	0.000009537	0
75791890333	6256945431	108		0	0	0	0.009369	0.005486	0.000009537	0
75791890335	6256945431	109		0	0	0	0.009369	0.005486	0.000009537	0
75791901592	6256606278	246	317302984	4	0	0	0.009369	0.01663	0.0006943	0
75791901619	6256922010	61	85353085	4	0	0	0.0625	0.0318	0.0007715	0
75791901883	6256828882	349	3060413173	5	0	0	0.02563	0.0575	0.0004635	0
75791901894	6256828882	349		0	0	0	0.02563	0.0575	0.0004635	0
75791902443	6256219415	53	10023067	4	0	0	0.0125	0.01247	0.001131	0
75791902462	6256304345	20	3720148066	4	1	4	0.09998	0.02069	0.00003815	1
75792770385	5285926325	0	1672921	1	0	9	0.0625	0.006218	0.00003815	0
75792770398	515042969	7	38707776	1	2	0	0.01562	0.01553	0.0002155	0
75792770407	6256830227	1366	4819984634	2	0	0	0.02249	0.0575	0.0004635	0
75792770418	6256830227	1366		0	0	0	0.02249	0.0575	0.0004635	0
75792770420	6256640932	17	4819984634	1	2	6	0.125	0.07959	0.00005436	0
75792770423	6256640932	5	4819984634	1	2	6	0.125	0.07959	0.00005436	0
75792770426	6256640932	22	4819984634	1	2	6	0.125	0.07959	0.00005436	0
75792770450	6238340468	1765	4819984634	1	1	0	0.0625	0.03961	0.00003815	0
75792770464	6256830227	1378	3437368011	1	0	0	0.02249	0.0575	0.0004635	0
75792770472	6256830227	1379	4819984634	1	0	0	0.02249	0.0575	0.0004635	0
75792798540	6256606278	138	4820310542	4	0	0	0.009369	0.01663	0.0006943	0
75792798816	515042969	1		5	2	0	0.01562	0.01553	0.0002155	0
75792798819	515042969	1		0	2	0	0.01562	0.01553	0.0002155	0
75792798976	6256861974	39	38728361	4	0	0	0.0125	0.01636	0.001131	0
75792799299	6256606278	953	5788685	4	0	0	0.009369	0.01663	0.0006943	0
75792799791	515042969	4		5	2	0	0.01562	0.01553	0.0002155	0
75792799794	515042969	4		0	2	0	0.01562	0.01553	0.0002155	0
75793638321	6256945429	0	1697534	1	1	1	0.01562	0.01553	0.00003815	0
75793638336	6183750753	9	4819984634	1	1	0	0.125	0.03339	0.00001907	0
75793638367	6255532702	427	85353085	1	0	0	0.06873	0.01193	0.0001154	0
75793638375	6256828882	349	3060413173	1	0	0	0.02563	0.0575	0.0004635	0
75793638404	6256830227	1366	3060413173	1	0	0	0.02249	0.0575	0.0004635	0
75793638419	6256945431	0	2441406994	1	0	0	0.009369	0.005486	0.000009537	0
75793638427	6256945431	1	3938677536	1	0	0	0.009369	0.005486	0.000009537	0
75793638441	6256945431	2	32056197	1	0	0	0.009369	0.005486	0.000009537	0
75793638455	6256945431	3	2893790008	1	0	0	0.009369	0.005486	0.000009537	0
75793638469	6256945431	4	1270415	1	0	0	0.009369	0.005486	0.000009537	0
75793638489	6256945431	5	3299641544	1	0	0	0.009369	0.005486	0.000009537	0
75793638509	6256945431	6	3231094147	1	0	0	0.009369	0.005486	0.000009537	0
75793638529	6256945431	7	38668566	1	0	0	0.009369	0.005486	0.000009537	0
75793638549	6256945431	8	294964090	1	0	0	0.009369	0.005486	0.000009537	0
75793638569	6256945431	9	3233509240	1	0	0	0.009369	0.005486	0.000009537	0
75793638589	6256945431	10	336038976	1	0	0	0.009369	0.005486	0.000009537	0
75793638609	6256945431	11	2851664	1	0	0	0.009369	0.005486	0.000009537	0
75793638629	6256945431	12	5140462621	1	0	0	0.009369	0.005486	0.000009537	0
75793638649	6256945431	13	3915101447	1	0	0	0.009369	0.005486	0.000009537	0
75793638669	6256945431	14	1270769	1	0	0	0.009369	0.005486	0.000009537	0
75793638689	6256945431	15	430395110	1	0	0	0.009369	0.005486	0.000009537	0
75793638709	6256945431	16	294894047	1	0	0	0.009369	0.005486	0.000009537	0
75793638765	6256945431	17	2110999309	1	0	0	0.009369	0.005486	0.000009537	0
75793638795	6256945431	18	6657827	1	0	0	0.009369	0.005486	0.000009537	0
75793638815	6256945431	19	1272613	1	0	0	0.009369	0.005486	0.000009537	0
75793638835	6256945431	20	1094830	1	0	0	0.009369	0.005486	0.000009537	0
75793638855	6256945431	21	662368	1	0	0	0.009369	0.005486	0.000009537	0
75793638875	6256945431	22	1436808073	1	0	0	0.009369	0.005486	0.000009537	0
75793638895	6256945431	23	30789450	1	0	0	0.009369	0.005486	0.000009537	0
75793638915	6256945431	24	4304783715	1	0	0	0.009369	0.005486	0.000009537	0
75793638935	6256945431	25	4820106260	1	0	0	0.009369	0.005486	0.000009537	0
75793638955	6256945431	26	4820216965	1	0	0	0.009369	0.005486	0.000009537	0
75793638975	6256945431	27	5015887240	1	0	0	0.009369	0.005486	0.000009537	0
75793638995	6256945431	28	318351030	1	0	0	0.009369	0.005486	0.000009537	0
75793639015	6256945431	29	605282839	1	0	0	0.009369	0.005486	0.000009537	0
75793639035	6256945431	30	284754569	1	0	0	0.009369	0.005486	0.000009537	0
75793639055	6256945431	31	6640632	1	0	0	0.009369	0.005486	0.000009537	0
75793639075	6256945431	32	3463939774	1	0	0	0.009369	0.005486	0.000009537	0
75793639095	6256945431	33	75	1	0	0	0.009369	0.005486	0.000009537	0
75793639115	6256945431	34	431081448	1	0	0	0.009369	0.005486	0.000009537	0
75793639135	6256945431	35	4302686426	1	0	0	0.009369	0.005486	0.000009537	0
75793639155	6256945431	36	4820074688	1	0	0	0.009369	0.005486	0.000009537	0
75793639175	6256945431	37	4820241801	1	0	0	0.009369	0.005486	0.000009537	0
75793639195	6256945431	38	280018658	1	0	0	0.009369	0.005486	0.000009537	0
75793639215	6256945431	39	336023613	1	0	0	0.009369	0.005486	0.000009537	0
75793639235	6256945431	40	2854245516	1	0	0	0.009369	0.005486	0.000009537	0
75793639255	6256945431	41	1272652	1	0	0	0.009369	0.005486	0.000009537	0
75793639275	6256945431	42	6565004	1	0	0	0.009369	0.005486	0.000009537	0
75793639295	6256945431	43	8055080	1	0	0	0.009369	0.005486	0.000009537	0
75793639315	6256945431	44	317477815	1	0	0	0.009369	0.005486	0.000009537	0
75793639335	6256945431	45	4303174388	1	0	0	0.009369	0.005486	0.000009537	0
75793639355	6256945431	46	711831	1	0	0	0.009369	0.005486	0.000009537	0
75793639375	6256945431	47	704557066	1	0	0	0.009369	0.005486	0.000009537	0
75793639395	6256945431	48	38644183	1	0	0	0.009369	0.005486	0.000009537	0
75793639415	6256945431	49	2898827087	1	0	0	0.009369	0.005486	0.000009537	0
75793639435	6256945431	50	4304126054	1	0	0	0.009369	0.005486	0.000009537	0
75793639455	6256945431	51	711671	1	0	0	0.009369	0.005486	0.000009537	0
75793639475	6256945431	52	7777953	1	0	0	0.009369	0.005486	0.000009537	0
75793639495	6256945431	53	1331994	1	0	0	0.009369	0.005486	0.000009537	0
75793639515	6256945431	54	1269715	1	0	0	0.009369	0.005486	0.000009537	0
75793639535	6256945431	55	4874102959	1	0	0	0.009369	0.005486	0.000009537	0
75793639555	6256945431	56	711417	1	0	0	0.009369	0.005486	0.000009537	0
75793639575	6256945431	57	155320113	1	0	0	0.009369	0.005486	0.000009537	0
75793639595	6256945431	58	431086627	1	0	0	0.009369	0.005486	0.000009537	0
75793639615	6256945431	59	902887	1	0	0	0.009369	0.005486	0.000009537	0
75793639635	6256945431	60	84900328	1	0	0	0.009369	0.005486	0.000009537	0
75793639655	6256945431	61	5781536	1	0	0	0.009369	0.005486	0.000009537	0
75793639675	6256945431	62	1436529583	1	0	0	0.009369	0.005486	0.000009537	0
75793639695	6256945431	63	4820152618	1	0	0	0.009369	0.005486	0.000009537	0
75793639715	6256945431	64	6566739	1	0	0	0.009369	0.005486	0.000009537	0
75793639735	6256945431	65	97983610	1	0	0	0.009369	0.005486	0.000009537	0
75793639755	6256945431	66	449615529	1	0	0	0.009369	0.005486	0.000009537	0
75793639775	6256945431	67	4820310542	1	0	0	0.009369	0.005486	0.000009537	0
75793639795	6256945431	68	905626	1	0	0	0.009369	0.005486	0.000009537	0
75793639815	6256945431	69	1841563	1	0	0	0.009369	0.005486	0.000009537	0
75793639829	6256945431	70	4820095525	1	0	0	0.009369	0.005486	0.000009537	0
75793639849	6256945431	71	410834443	1	0	0	0.009369	0.005486	0.000009537	0
75793639869	6256945431	72	8055072	1	0	0	0.009369	0.005486	0.000009537	0
75793639889	6256945431	73	3384221402	1	0	0	0.009369	0.005486	0.000009537	0
75793639909	6256945431	74	1275580	1	0	0	0.009369	0.005486	0.000009537	0
75793639929	6256945431	75	4304149592	1	0	0	0.009369	0.005486	0.000009537	0
75793639949	6256945431	76	284787048	1	0	0	0.009369	0.005486	0.000009537	0
75793639969	6256945431	77	294888572	1	0	0	0.009369	0.005486	0.000009537	0
75793639989	6256945431	78	5781237	1	0	0	0.009369	0.005486	0.000009537	0
75793640009	6256945431	79	1464042314	1	0	0	0.009369	0.005486	0.000009537	0
75793640029	6256945431	80	30788774	1	0	0	0.009369	0.005486	0.000009537	0
75793640049	6256945431	81	602982	1	0	0	0.009369	0.005486	0.000009537	0
75793640069	6256945431	82	17627159	1	0	0	0.009369	0.005486	0.000009537	0
75793640089	6256945431	83	351627512	1	0	0	0.009369	0.005486	0.000009537	0
75793640109	6256945431	84	5780332	1	0	0	0.009369	0.005486	0.000009537	0
75793640129	6256945431	85	400494755	1	0	0	0.009369	0.005486	0.000009537	0
75793640149	6256945431	86	288943705	1	0	0	0.009369	0.005486	0.000009537	0
75793640169	6256945431	87	4802864522	1	0	0	0.009369	0.005486	0.000009537	0
75793640189	6256945431	88	486699	1	0	0	0.009369	0.005486	0.000009537	0
75793640209	6256945431	89	1323195	1	0	0	0.009369	0.005486	0.000009537	0
75793640229	6256945431	90	294772044	1	0	0	0.009369	0.005486	0.000009537	0
75793640249	6256945431	91	418589	1	0	0	0.009369	0.005486	0.000009537	0
75793640269	6256945431	92	6566560	1	0	0	0.009369	0.005486	0.000009537	0
75793640289	6256945431	93	4817689282	1	0	0	0.009369	0.005486	0.000009537	0
75793640309	6256945431	94	711085	1	0	0	0.009369	0.005486	0.000009537	0
75793640329	6256945431	95	17503805	1	0	0	0.009369	0.005486	0.000009537	0
75793640349	6256945431	96	3231154757	1	0	0	0.009369	0.005486	0.000009537	0
75793640369	6256945431	97	82756233	1	0	0	0.009369	0.005486	0.000009537	0
75793640389	6256945431	98	1651027282	1	0	0	0.009369	0.005486	0.000009537	0
75793640409	6256945431	99	567596	1	0	0	0.009369	0.005486	0.000009537	0
75793640429	6256945431	100	418547	1	0	0	0.009369	0.005486	0.000009537	0
75793640449	6256945431	101	30789500	1	0	0	0.009369	0.005486	0.000009537	0
75793640469	6256945431	102	564444462	1	0	0	0.009369	0.005486	0.000009537	0
75793640489	6256945431	103	4427332803	1	0	0	0.009369	0.005486	0.000009537	0
75793640509	6256945431	104	711999	1	0	0	0.009369	0.005486	0.000009537	0
75793640529	6256945431	105	37404275	1	0	0	0.009369	0.005486	0.000009537	0
75793640549	6256945431	106	38719171	1	0	0	0.009369	0.005486	0.000009537	0
75793640569	6256945431	107	216969439	1	0	0	0.009369	0.005486	0.000009537	0
75793640589	6256945431	108	711419	1	0	0	0.009369	0.005486	0.000009537	0
75793640609	6256945431	109	5796666	1	0	0	0.009369	0.005486	0.000009537	0
75793723681	515042969	20		5	2	0	0.01562	0.01553	0.0002155	0
75793723684	515042969	20		0	2	0	0.01562	0.01553	0.0002155	0
75793724104	515042969	9		5	2	0	0.01562	0.01553	0.0002155	0
75793724107	515042969	9		0	2	0	0.01562	0.01553	0.0002155	0
75793724242	6256219415	98	359920785	4	0	0	0.0125	0.01247	0.001131	0
75793724539	6253586820	0	226119837	4	1	8	0.006248	0.004662	0.00001144	0
75793724621	6256606278	49	317477856	4	0	0	0.009369	0.01663	0.0006943	0
75793725056	515042969	5		5	2	0	0.01562	0.01553	0.0002155	0
75793725059	515042969	5		0	2	0	0.01562	0.01553	0.0002155	0
75794671985	515042969	1	309364175	1	2	0	0.01562	0.01553	0.0002155	0
75794671997	515042969	4	61724549	1	2	0	0.01562	0.01553	0.0002155	0
75794700671	6255967760	382	6566701	4	1	4	0.05103	0.03918	0.00193	0
75794700812	6256922010	56	63676345	4	0	0	0.0625	0.0318	0.0007715	0
75794700870	6256922010	51	410834443	4	0	0	0.0625	0.0318	0.0007715	0
75795537626	515042969	5	2787427803	1	2	0	0.01562	0.01553	0.0002155	0
75795537638	515042969	9	711804	1	2	0	0.01562	0.01553	0.0002155	0
75795537677	6256830227	1380	359920785	1	0	0	0.02249	0.0575	0.0004635	0
75795567190	6256934523	13	711635	4	0	6	0.009369	0.002735	0.00003052	0
75795567295	6256606278	407	37404275	4	0	0	0.009369	0.01663	0.0006943	0
75795567792	6256606278	831	4820226557	4	0	0	0.009369	0.01663	0.0006943	0
75795568031	6221861800	14651	317484356	2	0	0	0.0125	0.0159	0.0004044	0
75795568038	6221861800	14651		0	0	0	0.0125	0.0159	0.0004044	0
75795568039	6256203426	1265	317484356	2	0	1	0.0625	0.0318	0.0001926	0
75795568049	6256203426	1265		0	0	1	0.0625	0.0318	0.0001926	0
75796381539	515042969	20	63676345	1	2	0	0.01562	0.01553	0.0002155	0
75796381545	515042969	21	63676345	1	2	0	0.01562	0.01553	0.0002155	0
75796381576	6255532702	668	63676345	1	0	0	0.06873	0.01193	0.0001154	0
75796381584	6256922010	67	410834443	1	0	0	0.0625	0.0318	0.0007715	0
75796428717	6256861974	28	351642813	4	0	0	0.0125	0.01636	0.001131	0
75796428989	6256868462	49	1340448	4	1	4	0.09998	0.02069	0.00003815	1
75797260827	6256203426	1265	4802889220	1	0	1	0.0625	0.0318	0.0001926	0
75797260835	6221861800	14651	708500956	1	0	0	0.0125	0.0159	0.0004044	0
75797260844	6256830227	1381	4820226557	1	0	0	0.02249	0.0575	0.0004635	0
75797288201	6256606278	535	337872643	4	0	0	0.009369	0.01663	0.0006943	0
75799166253	6256830227	1382	337872643	1	0	0	0.02249	0.0575	0.0004635	0
75799242386	6256828882	452	6568416	3	0	0	0.02563	0.0575	0.0004635	0
75799242401	6256828882	452		0	0	0	0.02563	0.0575	0.0004635	0
75799242463	6256640932	30	226032480	3	2	6	0.125	0.07959	0.00005436	0
75799242474	6256640932	30		0	2	6	0.125	0.07959	0.00005436	0
75800013911	6256830227	1383	4134004776	1	0	0	0.02249	0.0575	0.0004635	0
75800043311	6256842139	0	16915969	4	1	4	0.02438	0.02704	0.0003862	0
75800043693	6256861974	71	351617797	4	0	0	0.0125	0.01636	0.001131	0
75800044332	6255950039	4	257338189	4	1	9	0.0625	0.1272	0.00193	0
75800880944	6256828882	452	4134548718	1	0	0	0.02563	0.0575	0.0004635	0
75800880952	6256830227	1384	6568416	1	0	0	0.02249	0.0575	0.0004635	0
75801246794	6256842139	9	5793545	4	1	4	0.02438	0.02704	0.0003862	0
75802033494	515042969	22	257338189	1	2	0	0.01562	0.01553	0.0002155	0
75802033508	6256830227	1385	4135362335	1	0	0	0.02249	0.0575	0.0004635	0
75802057063	6256219415	91	6595383	4	0	0	0.0125	0.01247	0.001131	0
75802057432	6256842257	9	3870858	4	1	4	0.02747	0.02704	0.00007725	0
75802057447	6256606278	180	4820211120	4	0	0	0.009369	0.01663	0.0006943	0
75803086266	6256842139	7	699827773	4	1	4	0.02438	0.02704	0.0003862	0
75803086371	6256842075	0	3363044368	4	1	8	0.0625	0.0318	0.00007725	0
75803086389	6256842139	10	2497564769	5	1	4	0.02438	0.02704	0.0003862	0
75803086399	6256842139	15	2596498917	5	1	4	0.02438	0.02704	0.0003862	0
75803086409	6256842449	0	3181246017	5	1	0	0.006248	0.0318	0.00003815	0
75803086583	6256606278	649	35577445	4	0	0	0.009369	0.01663	0.0006943	0
75803086607	6256606278	117	711841	4	0	0	0.009369	0.01663	0.0006943	0

